'Si' 7.25048441 21.47682540 17.83311896 1
'Si' 0.34523213 17.99684672 0.21681777 1
'Si' 1.92673417 2.29755286 12.40801506 1
'Si' 4.39748221 3.02044771 15.33490296 1
'Si' 4.94675279 14.78450800 4.86176085 1
'Si' 5.81186540 10.50477694 8.34738275 1
'Si' 16.36358095 11.38589266 19.25045065 1
'Si' 8.19902274 18.51487320 2.27578011 1
'Si' 7.92186815 0.20174677 10.84346527 1
'Si' 0.65981659 7.66389438 14.64230552 1
'Si' 14.28370745 10.71196062 20.01530930 1
'Si' 8.78128872 0.30468158 13.21296213 1
'Si' 1.99741947 11.82625565 6.36147452 1
'Si' 9.80123895 4.56529480 3.16341627 1
'Si' 12.82983415 3.85968326 8.87894673 1
'Si' 2.15590577 16.15131621 10.45563677 1
'Si' 18.65096175 16.24544103 12.33342737 1
'Si' 9.31655714 8.91977016 6.74052065 1
'Si' 5.90514071 19.83285865 13.17295794 1
'Si' 21.28391215 2.47091661 2.76353640 1
'Si' 6.66074489 6.75560283 3.77544318 1
'Si' 1.09547402 9.85866057 7.19343298 1
'Si' 18.31705140 4.52648898 4.26778766 1
'Si' 7.72664450 3.10964491 18.93436752 1
'Si' 19.50380680 11.93874244 12.66303746 1
'Si' 5.47669832 4.88521571 16.30149660 1
'Si' 21.03054581 11.12809305 14.39103731 1
'Si' -0.04747376 16.96760381 10.43479421 1
'Si' 11.48310315 21.46782267 19.53953576 1
'Si' 18.96754639 4.74853367 0.55110027 1
'Si' 8.93943677 5.15191259 19.22614366 1
'Si' 13.33208990 9.60279387 18.19723421 1
'Si' 13.98223562 2.66705790 18.90185813 1
'Si' 20.86001789 6.66098306 15.81226351 1
'Si' 11.27434316 15.42888673 21.48176565 1
'Si' 10.30402524 9.17012003 20.53040378 1
'Si' 15.54153074 17.78155969 10.23950733 1
'Si' 4.77443332 17.09472759 15.72550070 1
'Si' 17.11373020 19.62487709 19.91900270 1
'Si' 21.52639249 20.36760094 3.07955001 1
'Si' 17.36876741 9.26625995 18.64953202 1
'Si' 7.95767855 8.88472241 20.41294097 1
'Si' 0.34502813 14.43321147 20.86453254 1
'Si' 6.83692296 4.47548460 0.33864674 1
'Si' 18.59389767 8.33823937 0.21909822 1
'Si' 9.45449173 3.93302805 10.45879103 1
'Si' 17.51026830 16.39320707 10.24489799 1
'Si' 19.38541328 4.98909566 10.87526059 1
'Si' 7.23559934 21.15430429 20.26404149 1
'Si' 6.82202414 16.12354712 12.78283698 1
'Si' 17.68364356 2.18634114 20.23593393 1
'Si' 0.07593037 20.88835143 11.25042145 1
'Si' 7.09452512 10.55656136 18.99914963 1
'Si' 19.91629551 20.79927849 4.70347524 1
'Si' 20.59341784 19.45333076 1.06492540 1
'Si' 10.32860983 7.55019709 16.99918202 1
'Si' 11.86925520 13.63061454 18.34427660 1
'Si' 7.53553435 17.93107139 0.05912199 1
'Si' 17.64053211 18.05250820 3.20628280 1
'Si' 4.69111480 7.92787449 18.79234646 1
'Si' 21.11656449 17.57379533 8.31307825 1
'Si' 14.46020283 12.05783416 8.72134306 1
'Si' 19.33656694 12.72236409 17.89008895 1
'Si' 12.71130941 11.02945886 12.06879777 1
'Si' 15.24943478 15.49990910 21.30051658 1
'Si' 6.07390828 20.52833622 10.88339859 1
'Si' 9.17374362 21.41562790 8.88063481 1
'Si' 13.45144163 7.64687404 8.95966658 1
'Si' 16.97726511 12.68409060 17.40217048 1
'Si' 13.55750570 5.66887533 10.22621766 1
'Si' 10.19981040 19.31034196 9.08911783 1
'Si' 9.69178762 9.01695059 13.16967700 1
'Si' 20.71720703 10.80047114 4.70964152 1
'Si' 12.63962911 17.03155198 7.80076563 1
'Si' 19.96595670 8.21757102 11.99131081 1
'Si' 18.45397316 0.64824462 4.24153994 1
'Si' 12.47596568 0.82255260 4.03529217 1
'Si' 18.40564151 9.87148952 1.97965476 1
'Si' 13.61879190 7.16673236 6.65804587 1
'Si' 1.21208496 5.52938838 10.18773373 1
'Si' 3.60977386 16.12267329 0.23012903 1
'Si' 19.07882077 16.23324346 21.53096048 1
'Si' 15.66865309 6.33244982 2.10912935 1
'Si' 20.78686588 0.83996319 14.58257926 1
'Si' 19.51522696 6.57561765 4.39120122 1
'Si' 9.20346405 11.31836873 12.99164793 1
'Si' 19.54215554 11.71929462 20.06424780 1
'Si' 3.73531495 19.74558876 18.02255584 1
'Si' 8.76190702 14.60032189 16.06940343 1
'Si' 8.12869738 7.68349047 2.09907124 1
'Si' 19.18203718 9.35760874 20.12175267 1
'Si' 2.03591341 15.63893270 6.89714045 1
'Si' 3.86012280 16.41776680 19.83707578 1
'Si' 12.07592055 11.28371372 1.64718468 1
'Si' 3.70215961 3.70702179 5.18425281 1
'Si' 17.26999445 14.30156304 2.21427777 1
'Si' 13.51381675 13.40358790 16.65588640 1
'Si' 13.13739377 18.40516407 21.13381052 1
'Si' 19.19210274 18.53340432 4.88849199 1
'Si' 15.10118549 10.15843074 14.80309715 1
'Si' 10.22271084 11.11591370 7.05043925 1
'Si' 11.55897291 15.83803407 19.16287026 1
'Si' 10.89648253 18.39940106 7.06845911 1
'Si' 11.95668320 14.81899080 7.60201638 1
'Si' 12.01786082 21.33550521 2.19394174 1
'Si' 2.53557257 17.97519449 1.21692847 1
'Si' 6.69831134 1.09347890 6.05102620 1
'Si' 16.66362118 11.00900726 0.86962940 1
'Si' 0.57676863 4.45330237 2.57691243 1
'Si' 9.12660990 16.90926790 7.03920067 1
'Si' 15.49684982 1.46169404 20.23032063 1
'Si' 7.77443571 4.95180138 6.95648013 1
'Si' 5.90036971 19.34004081 21.09832120 1
'Si' 11.14729421 0.20127462 13.43337663 1
'Si' 0.49640125 0.11005904 18.12752550 1
'Si' 10.81756636 10.80515819 9.24940209 1
'Si' 16.33128940 7.50895798 0.13494011 1
'Si' 6.48744605 17.81474873 17.21389747 1
'Si' 6.47226229 18.68880905 9.34729068 1
'Si' 11.37663409 19.84076448 5.32566326 1
'Si' 0.83100648 8.09821298 3.10876292 1
'Si' 19.50690082 13.13642382 8.90811555 1
'Si' 20.16317457 2.99978893 17.85180433 1
'Si' 4.27589262 19.98580282 6.40976817 1
'Si' 17.18232319 21.26317737 14.02199622 1
'Si' 7.69544804 2.51378369 21.31371607 1
'Si' 19.57889943 0.29675601 8.12615278 1
'Si' 11.16888132 17.60715251 0.23888258 1
'Si' 20.24706529 6.73173460 0.63283413 1
'Si' 5.17448433 18.27571901 19.16305603 1
'Si' 12.44138657 1.73849610 12.14623690 1
'Si' 7.14173963 9.75184596 6.43992173 1
'Si' 16.64106826 15.99450432 3.70284119 1
'Si' 15.36036782 21.17160713 19.49630446 1
'Si' 13.19260034 4.16826476 15.42148746 1
'Si' 3.87102962 19.88164115 0.48183664 1
'Si' 11.00323765 9.37138314 18.33767206 1
'Si' 11.99260746 19.15860632 3.17932525 1
'Si' 14.61197702 9.46259897 3.81688238 1
'Si' 19.65148829 17.85664310 15.41407607 1
'Si' 15.56283191 14.59130567 17.19290699 1
'Si' 7.16915175 17.61143086 6.03373968 1
'Si' 1.91616529 6.05750256 21.03239247 1
'Si' 4.67571646 21.31976521 14.55163768 1
'Si' 9.50843348 13.92380693 10.73462423 1
'Si' 21.66996283 9.89497728 9.07978711 1
'Si' 17.50264181 18.08230075 16.35509244 1
'Si' 16.18827198 12.72807386 10.12709237 1
'Si' 13.40417221 3.65230053 13.15138386 1
'Si' 10.28391339 1.34585870 4.71583400 1
'Si' 0.08788505 8.95746175 5.21171310 1
'Si' 9.09500160 4.19960165 14.48138614 1
'Si' 7.30255061 15.61252534 21.61550969 1
'Si' 2.32459489 14.17471143 0.08188913 1
'Si' 18.15624916 19.76624918 10.23669552 1
'Si' 10.26329515 8.34240297 2.89213218 1
'Si' 19.81516629 21.44924618 10.30883212 1
'Si' 12.69099313 7.42950235 13.54124304 1
'Si' 1.70208095 12.86827533 1.93734695 1
'Si' 4.46060193 0.35503108 6.38622457 1
'Si' 0.93985921 9.26948754 1.06240424 1
'Si' 1.97571320 21.10949722 9.76451573 1
'Si' 10.54593300 15.36674127 14.71834949 1
'Si' 0.56093486 0.44260629 2.39035740 1
'Si' 18.61952408 7.38893097 15.61858602 1
'Si' 12.25511049 5.52650859 12.23745309 1
'Si' 4.15256726 -0.10525625 10.47544287 1
'Si' 18.16881131 15.02630280 14.33228951 1
'Si' 20.96536752 6.63582735 10.40346546 1
'Si' 17.03897686 11.26999112 15.49445611 1
'Si' 9.68860750 13.00891697 17.61634277 1
'Si' 13.13721771 21.30877088 5.75780050 1
'Si' 6.95521746 14.30338554 14.50795740 1
'Si' 1.80849181 3.51146413 18.29280425 1
'Si' 16.90951475 3.40914987 16.43866093 1
'Si' 15.20649680 2.57296100 5.69813943 1
'Si' 10.61729750 1.86336391 17.13178421 1
'Si' 5.88969193 6.28254924 7.31337142 1
'Si' 1.44751601 5.75540702 18.70570425 1
'Si' 2.84406386 17.98515857 16.76609451 1
'Si' 12.09124742 7.55041362 1.42195534 1
'Si' 9.47871414 18.40898557 20.80075448 1
'Si' 15.74416642 3.59308994 12.49715838 1
'Si' 0.09377498 2.53924288 21.40305500 1
'Si' 7.40415164 5.74512691 15.25350991 1
'Si' 18.63351787 13.58081006 5.52803395 1
'Si' 7.72518461 8.26936830 10.21698104 1
'Si' 9.23775084 14.52901950 0.42565705 1
'Si' 9.44939994 5.38173159 8.54250589 1
'Si' 3.94128592 9.91320375 13.07414759 1
'Si' 2.95198314 8.88033525 11.18763645 1
'Si' 6.50517755 15.47085155 3.20096665 1
'Si' 7.35563390 11.42235764 1.07011878 1
'Si' 9.91505940 10.85332696 16.89717431 1
'Si' 21.20533184 6.40516765 18.15108798 1
'Si' 14.62092731 2.75503853 16.64001198 1
'Si' 3.21378607 10.86720191 20.39249103 1
'Si' 20.77329789 21.46787614 16.54600381 1
'Si' 4.49065063 13.52546370 11.39736421 1
'Si' 13.91470660 6.39887827 15.69755276 1
'Si' 0.10787877 9.89273622 17.85601412 1
'Si' 10.59121985 10.69024055 3.34967575 1
'Si' 9.81290554 5.26047867 12.37487703 1
'Si' 0.33348844 19.29788133 6.93070068 1
'Si' 5.12778102 12.65560645 7.67872601 1
'Si' 2.87720320 7.28160459 17.48942516 1
'Si' 12.47827480 15.62498729 11.40149560 1
'Si' 5.71684226 3.88266702 3.94700560 1
'Si' 7.37262673 11.70877796 5.08804009 1
'Si' -0.01911654 11.43510444 1.10340648 1
'Si' 8.13392234 12.64617925 19.36632788 1
'Si' 21.25809576 3.10767310 6.35492659 1
'Si' 11.07577018 8.35043636 14.93029705 1
'Si' 2.40232256 6.13794873 13.97752816 1
'Si' 10.11827070 7.39458001 5.06975517 1
'Si' 15.50349124 18.32201545 12.50230664 1
'Si' 11.36088295 2.55480308 10.19827916 1
'Si' 13.98753994 14.72876398 12.99240159 1
'Si' 15.67279476 12.61737896 2.21931691 1
'Si' 20.16536084 15.55168570 15.47577476 1
'Si' 11.63672008 14.13689002 9.81928991 1
'Si' 4.76514774 14.75641265 15.35517873 1
'Si' 0.92918919 10.12319741 11.14536538 1
'Si' 1.06369344 12.21414162 15.22416160 1
'Si' 12.63418090 6.21663863 19.27972416 1
'Si' 20.28973084 21.29346438 21.54783932 1
'Si' 21.57422375 15.91777317 6.70906421 1
'Si' 4.37600380 20.98656435 2.53264364 1
'Si' 13.18909037 3.84228753 0.20363700 1
'Si' 10.84749832 5.48582133 17.88954869 1
'Si' 18.14848983 1.88261497 17.94071346 1
'Si' 5.48900125 1.53218420 13.93041818 1
'Si' 18.68668080 10.12498034 11.30967750 1
'Si' 8.81844842 17.16628015 11.95412127 1
'Si' 17.61681485 5.72659755 17.03975569 1
'Si' 6.45183552 19.49882821 7.16452942 1
'Si' 20.63765546 13.25328888 11.01822345 1
'Si' 4.11636381 6.99064761 20.85796074 1
'Si' 21.01503084 15.30870233 2.85053847 1
'Si' 1.24604518 2.92519366 16.08795429 1
'Si' 13.62556087 11.03422614 16.37886332 1
'Si' 17.18297739 4.51945114 2.18001480 1
'Si' 18.60458159 18.11928017 1.02843614 1
'Si' 16.58498042 0.57087424 5.68972372 1
'Si' 14.08037709 0.57689638 15.84344617 1
'Si' 21.20129414 21.40056046 6.60120379 1
'Si' 7.02389458 9.10288923 0.58233653 1
'Si' 12.44222755 13.97678702 14.62547219 1
'Si' 1.63740726 13.11182239 17.45054859 1
'Si' 8.53585058 11.93148505 3.08165521 1
'Si' 10.98879319 11.24385149 21.50060875 1
'Si' 16.24353701 7.44469340 12.37005964 1
'Si' 18.01840791 4.52552806 20.41914780 1
'Si' 11.92512412 5.92305256 5.63014806 1
'Si' 2.44772087 19.48463222 7.98984354 1
'Si' 17.36364855 14.60701655 -0.09964352 1
'Si' 4.02981878 1.42754453 17.09519397 1
'Si' 21.67325320 12.19507801 20.84656809 1
'Si' 15.90837154 18.91900782 6.87120994 1
'Si' 12.65519721 12.43699879 20.27416729 1
'Si' 13.77820916 19.66179853 13.48276277 1
'Si' 16.69545529 4.36568818 5.96563351 1
'Si' 3.53027905 14.56059222 13.32149850 1
'Si' 5.12424210 17.63981590 13.45110440 1
'Si' 17.02441793 11.64435918 5.94562455 1
'Si' 13.05599611 0.29417021 7.91464621 1
'Si' 10.29617298 15.45425469 12.37706872 1
'Si' 5.56401665 15.04269542 1.11187663 1
'Si' 1.08171177 17.57090030 13.56612399 1
'Si' 12.57254598 12.04926480 10.00674247 1
'Si' 18.91648880 4.87822038 13.17948771 1
'Si' 17.50503835 5.50553437 9.52605889 1
'Si' 21.18805753 6.40863450 2.73359307 1
'Si' 7.08312651 13.98617326 7.75450195 1
'Si' 10.90962215 3.95514879 16.08505551 1
'Si' 10.03776626 18.74942435 16.98447622 1
'Si' 13.51082232 19.02138179 17.25722866 1
'Si' 8.79678019 12.96233792 6.50205668 1
'Si' 14.23465702 2.32074590 7.82262780 1
'Si' 9.73137266 17.24767651 18.73427648 1
'Si' 21.61504515 18.67746245 12.03181716 1
'Si' 9.56015091 20.75338614 20.78588470 1
'Si' 10.87701476 1.00515903 8.49140104 1
'Si' 11.60906443 20.40483732 17.38789010 1
'Si' 3.86501964 2.61627390 19.06883428 1
'Si' 13.38822851 20.67215386 20.70817199 1
'Si' 13.37468370 17.37918057 19.00182841 1
'Si' 21.20799580 19.19102927 16.48567203 1
'Si' 14.35683436 16.30842836 4.22122005 1
'Si' 19.33767106 5.06452508 18.52177516 1
'Si' 13.41430645 12.71440931 5.09730892 1
'Si' 14.87735274 21.71286122 13.76692083 1
'Si' 3.08263668 16.77718110 12.57300852 1
'Si' 18.76792936 8.98632911 7.76277505 1
'Si' 4.03981242 12.92244166 21.03517945 1
'Si' 13.26842490 14.21852815 21.70633166 1
'Si' 17.94985160 17.75863942 6.70114552 1
'Si' 20.07473695 11.45024935 2.54807428 1
'Si' 3.15803179 9.88309923 0.65193981 1
'Si' 6.41975558 0.14317314 2.16769133 1
'Si' 20.25888380 10.86610283 16.61874605 1
'Si' 11.60085126 10.58634615 15.33298118 1
'Si' 18.67716985 10.00023200 5.64816605 1
'Si' 4.78849845 10.23455546 18.76604026 1
'Si' 19.43029820 10.76919894 9.17106103 1
'Si' 16.46430247 16.09283108 15.53195084 1
'Si' 5.00646992 4.29374140 1.79288366 1
'Si' 17.37647183 14.38182529 9.03397070 1
'Si' 8.55220034 17.53052879 9.58182923 1
'Si' 2.81759605 1.50753687 5.17917397 1
'Si' 1.38076107 13.66125000 13.46862607 1
'Si' -0.06905723 15.49167356 13.83624888 1
'Si' 9.95084425 2.41325377 6.84024731 1
'Si' 4.03437198 4.84121392 7.23666215 1
'Si' 3.59199825 11.54600273 2.28990848 1
'Si' 15.75373157 5.49887862 11.10101464 1
'Si' 19.31019424 20.43437014 19.54129710 1
'Si' 15.86282930 6.58945687 6.18637861 1
'Si' 7.33981099 6.96323054 19.17990732 1
'Si' 16.30559699 2.01751335 8.80697532 1
'Si' 16.70362742 19.12663127 0.16191187 1
'Si' 18.34368586 7.11285480 13.32414081 1
'Si' 11.86078260 10.96940636 5.41121686 1
'Si' 16.04680965 7.63680748 4.04195492 1
'Si' 0.49107594 0.30867318 0.04835859 1
'Si' 13.98313644 21.01525947 9.72349121 1
'Si' 8.04765015 20.18828450 14.16771896 1
'Si' 1.26154152 11.44935461 19.16256441 1
'Si' 17.35483968 0.72365987 2.09529697 1
'Si' 16.09544068 5.88549466 20.40235498 1
'Si' 7.01273873 10.57695509 10.36690316 1
'Si' 16.06715503 19.97874738 9.00783370 1
'Si' 5.30198385 8.48360898 14.35554317 1
'Si' 1.88462454 20.50631605 19.27192805 1
'Si' 11.11042419 3.15243837 21.34085952 1
'Si' 9.57354771 1.93111111 0.71128739 1
'Si' 4.72231884 14.29923243 19.24119883 1
'Si' 5.50927609 3.49630997 10.82189496 1
'Si' 7.95002957 16.07183781 17.77595909 1
'Si' 7.92061644 19.62765386 16.52448359 1
'Si' 20.99156426 16.99594503 4.59179128 1
'Si' 17.68051075 3.72453142 8.00647703 1
'Si' 13.94914669 13.66980095 7.13661224 1
'Si' 5.91946780 15.29117401 10.74168355 1
'Si' 5.60408642 4.10170505 18.60703711 1
'Si' 7.92196179 15.09775527 9.59542153 1
'Si' 2.88113583 13.51460708 7.80871391 1
'Si' 2.37916575 3.76001429 14.26228389 1
'Si' 9.42585264 21.10461611 4.86301351 1
'Si' 12.84605860 14.53006322 3.69219912 1
'Si' 15.36223057 11.64777610 4.26843217 1
'Si' 5.79000436 7.11039803 9.53891710 1
'Si' 6.30549488 10.43755915 15.36118196 1
'Si' 6.56836880 17.76812370 3.78576778 1
'Si' 19.48843632 18.30733620 13.11765067 1
'Si' 9.79909666 18.80788652 13.32206951 1
'Si' 0.92046804 14.14016188 3.74106450 1
'Si' 1.65299390 1.39359874 8.78685440 1
'Si' 3.52888981 10.99154938 4.65911831 1
'Si' 15.82689505 2.54853378 2.17074049 1
'Si' 2.69162351 15.57839281 4.61021300 1
'Si' 2.03677264 5.94990081 7.93890963 1
'Si' 14.90687700 7.86913994 14.22807547 1
'Si' 18.80818080 1.33878267 11.37992886 1
'Si' 4.82499408 8.24679594 0.70739290 1
'Si' 8.76448570 14.33261590 2.78113117 1
'Si' 2.85681432 7.12135938 3.75709135 1
'Si' 0.82739468 3.07451962 10.41462787 1
'Si' 12.20561914 19.52208765 10.32827692 1
'Si' 1.96816050 5.04320712 4.38903542 1
'Si' 15.49470568 8.84157188 9.12349153 1
'Si' 15.76519633 15.12144851 7.33133216 1
'Si' 0.72700672 0.31518373 13.13421879 1
'Si' 18.73726258 1.05114523 0.15254303 1
'Si' 17.57165048 19.47130113 12.53678975 1
'Si' 5.16394596 5.79647294 11.45398755 1
'Si' 0.49783818 5.19349652 6.24264775 1
'Si' 2.22311118 21.16241706 14.64207849 1
'Si' 14.94288317 10.94185811 12.61893178 1
'Si' 1.63795593 8.90796239 16.35188184 1
'Si' 18.84256067 17.86252901 8.89077303 1
'Si' 4.48508925 19.14310052 4.12076991 1
'Si' 2.90248103 17.19675337 8.51536337 1
'Si' 1.94430538 0.71212729 16.40711257 1
'Si' 14.04297968 18.04757683 2.71208236 1
'Si' 20.88109756 4.80990049 14.37607292 1
'Si' 13.61578762 9.41331986 5.90477728 1
'Si' 17.64244581 12.82986065 13.76450888 1
'Si' 7.47900655 2.71594965 7.62012060 1
'Si' 3.70265803 8.65265780 5.32057239 1
'Si' 10.41263414 17.57044759 2.53558539 1
'Si' 17.22029774 0.05519019 7.89986625 1
'Si' 7.98783330 7.42459630 16.91807555 1
'Si' 4.02530437 1.20569962 8.51634350 1
'Si' 13.88839059 2.72472787 3.77822635 1
'Si' 4.04070062 1.41713639 21.14401098 1
'Si' 18.61306532 1.15196487 13.68813482 1
'Si' 5.08318121 3.24865587 8.55066027 1
'Si' 2.83750564 0.90110736 2.85786171 1
'Si' 10.03274617 5.29402575 21.27904852 1
'Si' 15.28670581 10.38501066 7.35127661 1
'Si' 0.03595881 12.64760795 5.44303016 1
'Si' 4.68859929 6.58934693 2.37434415 1
'Si' 19.76829236 2.65696122 4.52279471 1
'Si' 9.07375735 2.40010648 3.01428967 1
'Si' 15.05898638 9.52955152 -0.00130632 1
'Si' 6.98951445 14.70535626 19.43486245 1
'Si' 0.02302099 2.24898311 19.10383955 1
'Si' 10.07460291 14.95564761 6.12186591 1
'Si' 3.98538102 13.45452211 17.16592398 1
'Si' 18.32094992 9.55524905 16.51088530 1
'Si' 8.94886696 12.37422808 21.54195617 1
'Si' 1.87850484 16.87353976 18.63863202 1
'Si' 0.53543984 14.94223813 18.51722135 1
'Si' 19.29160427 13.62809619 3.21766174 1
'Si' 6.89219262 1.86165503 3.78240994 1
'Si' 5.08548638 21.32893451 16.89591425 1
'Si' 20.54895067 13.79974537 6.89086611 1
'Si' 14.81587739 16.64773611 14.03062206 1
'Si' 6.26013794 0.76851879 21.73555155 1
'Si' 11.42380498 8.58875075 9.66804867 1
'Si' 0.18398919 7.64994390 21.44410535 1
'Si' 2.59451616 21.50235482 21.23161744 1
'Si' 1.57391648 4.08670885 0.43840718 1
'Si' 14.89909892 17.61185003 0.47181970 1
'Si' 12.27636614 4.61576307 3.68068128 1
'Si' 9.09154626 11.61835370 10.66486410 1
'Si' 11.74108230 0.21290470 15.79857921 1
'Si' 17.10874455 20.39372555 16.22852115 1
'Si' 13.81871343 21.70601640 0.78810330 1
'Si' 14.03751329 7.41439431 17.81791944 1
'Si' 5.31941608 12.67448849 1.04847348 1
'Si' 13.22640582 18.07404772 15.13029397 1
'Si' 10.88962885 17.66024382 15.07862074 1
'Si' 10.61219779 15.41507874 3.79340156 1
'Si' 9.48076517 7.71308173 8.76083058 1
'Si' 16.39424731 1.79523385 11.08327878 1
'Si' 11.17506159 4.42156194 7.28080516 1
'Si' 5.51820907 11.45949426 12.07022077 1
'Si' 15.76529764 19.48853835 3.30822968 1
'Si' 20.97169943 2.91382347 15.66425941 1
'Si' 2.85663575 6.50831059 11.68719703 1
'Si' 17.47880416 3.23120321 14.10793008 1
'Si' 8.51545508 5.65947756 4.81728980 1
'Si' 11.72833324 8.92029740 11.93487159 1
'Si' 14.51088248 1.92932820 0.36702246 1
'Si' 13.36983348 5.60332240 1.86890360 1
'Si' 5.87995827 5.53952236 20.41472158 1
'Si' 19.30602873 16.69768806 19.16474136 1
'Si' 0.72439911 18.52235864 19.88225475 1
'Si' 9.97133168 21.60772854 1.00193550 1
'Si' 21.75892649 9.24440676 13.10710333 1
'Si' 20.35036708 2.94886512 10.37491125 1
'Si' 0.91393970 12.54391495 11.36554930 1
'Si' 7.60152350 2.50627354 10.12831743 1
'Si' 13.43262703 13.23996574 1.81462701 1
'Si' 8.50339264 7.28881366 12.19647200 1
'Si' 17.05663966 7.40783373 8.12900411 1
'Si' 15.02544951 20.84563846 17.20812781 1
'Si' 18.17573764 8.50362098 3.91638910 1
'Si' 20.65898353 18.63564942 18.76987089 1
'Si' 21.02886907 7.03019202 6.15173548 1
'Si' 18.68760792 21.59244176 17.55705522 1
'Si' 11.43805885 7.19592298 21.12430406 1
'Si' 1.33639327 19.02150348 15.36146804 1
'Si' 15.72303903 13.12945369 12.38195366 1
'Si' 5.14563086 16.73855715 8.94773051 1
'Si' 4.47915412 11.21881367 16.62037113 1
'Si' 20.16316794 2.77449264 0.74203525 1
'Si' 14.08195958 4.65051352 20.18008942 1
'Si' 5.91899141 15.81601534 6.83269663 1
'Si' 15.33710601 20.57156360 5.31216123 1
'Si' 11.71753993 1.88585563 19.28355810 1
'Si' 16.32112970 9.53677206 11.25314503 1
'Si' 16.28971969 7.12660031 18.44073494 1
'Si' 0.63162999 18.72970297 4.50921149 1
'Si' 21.16859352 8.37537401 19.39103993 1
'Si' 17.46552348 15.57013759 5.83466803 1
'Si' 11.36811823 12.11542668 13.63111222 1
'Si' 2.73161129 8.23434747 7.47607068 1
'Si' 3.38364700 2.68542895 1.11401065 1
'Si' 15.93299122 20.90152782 1.49554419 1
'Si' 6.52117012 6.76674915 13.27815561 1
'Si' 13.23301021 17.41723312 10.04215869 1
'Si' 17.55006277 12.33715577 21.09592960 1
'Si' 13.47691525 9.41081120 1.72702933 1
'Si' 8.25068569 1.56860696 17.09830904 1
'Si' 17.19747683 17.61901717 18.63682761 1
'Si' 2.50200885 13.76898540 10.12099457 1
'Si' 5.89714734 7.95792700 5.64368757 1
'Si' 20.71543537 7.80878550 8.38134631 1
'Si' 11.67253325 20.06100355 12.52281354 1
'Si' 5.19695489 12.48761547 5.33121002 1
'Si' 8.41629029 20.83784330 2.63015479 1
'Si' 4.25418349 8.87574926 9.16395509 1
'Si' 7.84282574 2.03005390 14.60938537 1
'Si' 7.99189630 21.22188133 6.76146819 1
'Si' 8.73754132 5.56856905 1.24411849 1
'Si' 4.08794952 6.72026806 15.56774871 1
'Si' 20.25245795 14.94297715 17.77682349 1
'Si' 14.42716581 0.52999430 11.57722988 1
'Si' 0.79481119 1.30247765 6.55566761 1
'Si' 7.85343036 9.77702423 16.90304629 1
'Si' 4.24241386 1.79470706 11.90248328 1
'Si' 15.37361510 16.14192879 19.02317366 1
'Si' 20.74356717 15.43906828 11.76389052 1
'Si' 2.76814205 10.57742468 15.12697409 1
'Si' 19.79622623 2.66181647 8.12344522 1
'Si' 21.23362564 15.87160273 0.45544962 1
'Si' 14.56805875 17.02162057 6.53008081 1
'Si' 2.61020656 17.77255668 3.62051781 1
'Si' 7.06791321 12.02480222 13.78098327 1
